ORF112 1 52 1 52 PF20071.2 DUF6467 23 74 74 90.17 7.8e-26 4.0e-30 1 0
ORF13 24 70 24 70 PF00005.30 ABC_tran 1 47 137 54.97 1.3e-14 6.8e-19 1 0 CL0023
ORF33 10 67 6 70 PF00202.24 Aminotran_3 6 63 403 33.38 2.2e-08 1.1e-12 1 0 CL0061
ORF35 4 60 1 70 PF00202.24 Aminotran_3 253 309 403 49.13 3.6e-13 1.8e-17 1 0 CL0061
ORF75 3 38 3 50 PF01479.28 S4 1 36 48 23.68 3.2e-05 1.6e-09 1 0 CL0492
ORF118 6 70 1 70 PF00854.24 PTR2 11 88 397 37.87 1.0e-09 5.2e-14 1 0 CL0015
ORF139 12 62 11 70 PF03807.20 F420_oxidored 2 52 96 27.47 4.1e-06 2.1e-10 1 0 CL0063
ORF197 6 70 6 70 PF03609.17 EII-Sor 1 65 233 70.65 1.4e-19 6.9e-24 1 0
ORF198 13 70 12 70 PF03613.17 EIID-AGA 2 60 265 84.07 9.9e-24 5.0e-28 1 0
ORF236 2 45 2 67 PF01118.27 Semialdhyde_dh 1 45 121 27.79 3.0e-06 1.5e-10 1 0 CL0063
ORF238 8 70 1 70 PF02774.21 Semialdhyde_dhC 98 161 184 35.04 1.5e-08 7.7e-13 1 0 CL0139
ORF249 8 69 8 70 PF02729.24 OTCace_N 1 61 146 33.91 3.2e-08 1.6e-12 1 0
ORF284 8 58 2 68 PF00270.32 DEAD 16 71 176 29.99 4.3e-07 4.4e-11 1 0 CL0023
ORF284 15 58 8 68 PF04851.18 ResIII 33 78 171 23.04 6.9e-05 7.0e-09 1 1 CL0023
ORF286 1 45 1 45 PF03461.18 TRCF 19 63 95 37.33 2.7e-09 1.4e-13 1 0
ORF288 14 59 9 60 PF01943.20 Polysacc_synt 6 51 275 28.24 1.2e-06 6.1e-11 1 0 CL0222
ORF295 11 56 9 56 PF00575.26 S1 3 49 75 46.58 3.6e-12 1.8e-16 1 0 CL0021
ORF305 18 68 17 70 PF01207.20 Dus 2 53 310 41.40 9.7e-11 5.0e-15 1 0 CL0036
ORF377 10 62 1 63 PF13246.9 Cation_ATPase 37 90 91 27.99 1.8e-06 9.4e-11 1 0 CL0137
ORF380 34 69 31 70 PF00689.24 Cation_ATPase_C 4 39 182 45.53 7.1e-12 3.6e-16 1 0
ORF388 5 69 5 69 PF12836.10 HHH_3 1 65 65 79.43 1.8e-22 9.2e-27 1 0 CL0198
ORF389 34 67 30 69 PF00575.26 S1 5 38 75 23.84 4.5e-05 2.3e-09 1 0 CL0021
ORF560 1 41 1 41 PF00392.24 GntR 24 64 64 49.74 2.2e-13 1.1e-17 1 0 CL0123
ORF562 2 70 1 70 PF07702.16 UTRA 70 138 141 54.70 1.0e-14 5.3e-19 1 0 CL0122
ORF589 9 64 1 65 PF00742.22 Homoserine_dh 117 172 173 47.85 1.5e-12 7.8e-17 1 0 CL0139
ORF621 7 69 7 70 PF06115.14 DUF956 1 63 117 103.32 7.0e-30 3.6e-34 1 0 CL0266
ORF821 2 70 1 70 PF00056.26 Ldh_1_N 5 75 141 43.52 3.4e-11 1.7e-15 1 0 CL0063
ORF823 3 69 1 70 PF02866.21 Ldh_1_C 36 106 167 38.05 1.7e-09 8.6e-14 1 0 CL0341
ORF829 9 45 3 49 PF00571.31 CBS 5 41 57 24.90 2.3e-05 1.1e-09 1 0
ORF870 3 66 1 68 PF02786.20 CPSase_L_D2 143 209 211 37.14 2.4e-09 1.2e-13 1 0 CL0179
ORF1187 8 66 5 70 PF03808.16 Glyco_tran_WecG 4 63 168 29.43 7.3e-07 3.7e-11 1 0 CL0063
ORF1311 9 55 1 68 PF00561.23 Abhydrolase_1 62 108 257 35.62 8.1e-09 8.3e-13 1 0 CL0028
ORF1311 11 60 3 70 PF12146.11 Hydrolase_4 67 116 239 29.31 5.1e-07 5.2e-11 1 1 CL0028
ORF1334 1 69 1 70 PF00988.25 CPSase_sm_chain 53 121 125 42.20 7.0e-11 3.6e-15 1 0 CL0364
ORF1335 13 66 7 70 PF00117.31 GATase 10 64 191 23.81 3.4e-05 1.7e-09 1 0 CL0014
ORF1336 12 69 2 70 PF00117.31 GATase 121 178 191 32.11 9.7e-08 4.9e-12 1 0 CL0014